172
1 6 20 23 25 38 65 70
2 4 3 5 24 93
3 5 2 5 21 26 93
4 6 21 30 89 103 105 165
5 6 2 3 24 26 92 169
6 2 23 25
7 3 9 90 100
8 5 34 71 88 97 99
9 3 7 35 90
10 3 33 49 66
11 5 22 27 28 155 162
12 6 45 46 68 80 110 151
13 5 49 94 130 140 144
14 5 95 110 132 135 160
15 9 43 48 131 133 138 157 163 170 172
16 7 45 47 48 68 112 126 146
17 6 50 52 85 123 148 167
18 8 55 59 75 78 118 120 125 129
19 4 56 76 102 166
20 4 1 23 38 169
21 7 3 4 26 81 89 93 105
22 8 11 27 28 84 89 93 103 155
23 6 1 6 20 25 69 169
24 4 2 5 69 169
25 4 1 6 23 70
26 5 3 5 21 81 92
27 5 11 22 28 84 155
28 6 11 22 27 29 103 155
29 4 28 103 149 165
30 8 4 54 67 75 105 125 149 165
31 2 37 139
32 2 71 88
33 5 10 66 87 112 126
34 5 8 86 88 97 141
35 2 9 73
36 5 79 86 97 104 158
37 2 31 139
38 6 1 20 40 65 92 169
39 3 58 108 161
40 6 38 65 91 92 137 143
41 7 60 107 111 133 138 142 159
42 5 60 81 92 111 137
43 8 15 44 48 79 98 127 133 163
44 7 43 72 73 79 91 127 143
45 5 12 16 68 112 151
46 5 12 68 106 131 172
47 8 16 48 87 98 104 126 158 163
48 7 15 16 43 47 146 163 170
49 5 10 13 66 94 144
50 6 17 61 64 74 85 116
51 6 52 53 96 113 128 148
52 4 17 51 96 148
53 6 51 96 113 115 121 154
54 4 30 125 145 149
55 7 18 59 61 64 82 120 156
56 4 19 76 102 119
57 6 58 62 108 121 154 168
58 4 39 57 62 108
59 5 18 55 61 118 167
60 8 41 42 67 78 81 105 107 111
61 6 50 55 59 64 85 167
62 5 57 58 101 115 121
63 1 162
64 5 50 55 61 82 116
65 4 1 38 40 91
66 6 10 33 49 94 112 151
67 5 30 60 75 78 105
68 6 12 16 45 46 131 146
69 3 23 24 169
70 2 1 25
71 3 8 32 88
72 4 44 73 79 86
73 4 35 44 72 91
74 3 50 116 152
75 5 18 30 67 78 125
76 5 19 56 83 119 171
77 6 118 123 124 136 147 167
78 7 18 60 67 75 107 118 136
79 7 36 43 44 72 86 98 158
80 5 12 94 95 110 151
81 6 21 26 42 60 92 105
82 7 55 64 116 117 119 152 156
83 2 76 171
84 4 22 27 89 93
85 4 17 50 61 167
86 6 34 36 72 79 97 141
87 4 33 47 104 126
88 4 8 32 34 71
89 7 4 21 22 84 93 103 155
90 3 7 9 100
91 5 40 44 65 73 143
92 8 5 26 38 40 42 81 137 169
93 6 2 3 21 22 84 89
94 8 13 49 66 80 95 135 140 151
95 5 14 80 94 110 135
96 5 51 52 53 115 153
97 6 8 34 36 86 99 104
98 5 43 47 79 158 163
99 3 8 97 104
100 3 7 90 139
101 3 62 115 153
102 8 19 56 114 117 119 150 156 166
103 7 4 22 28 29 89 155 165
104 6 36 47 87 97 99 158
105 6 4 21 30 60 67 81
106 6 46 109 113 154 168 172
107 5 41 60 78 136 159
108 7 39 57 58 132 160 161 168
109 5 106 113 124 147 172
110 5 12 14 80 95 160
111 5 41 42 60 133 137
112 6 16 33 45 66 126 151
113 8 51 53 106 109 122 124 128 154
114 6 102 120 129 145 150 166
115 6 53 62 96 101 121 153
116 5 50 64 74 82 152
117 4 82 102 119 156
118 6 18 59 77 78 136 167
119 7 56 76 82 102 117 152 171
120 6 18 55 114 129 150 156
121 5 53 57 62 115 154
122 5 113 123 124 128 148
123 6 17 77 122 124 148 167
124 6 77 109 113 122 123 147
125 6 18 30 54 75 129 145
126 5 16 33 47 87 112
127 4 43 44 133 143
128 4 51 113 122 148
129 6 18 114 120 125 145 166
130 4 13 135 140 164
131 6 15 46 68 146 170 172
132 6 14 108 134 135 160 161
133 8 15 41 43 111 127 137 138 143
134 4 132 135 161 164
135 8 14 94 95 130 132 134 140 164
136 6 77 78 107 118 147 159
137 6 40 42 92 111 133 143
138 6 15 41 133 142 157 172
139 3 31 37 100
140 4 13 94 130 135
141 2 34 86
142 5 41 138 147 159 172
143 6 40 44 91 127 133 137
144 2 13 49
145 5 54 114 125 129 166
146 5 16 48 68 131 170
147 7 77 109 124 136 142 159 172
148 6 17 51 52 122 123 128
149 4 29 30 54 165
150 4 102 114 120 156
151 6 12 45 66 80 94 112
152 5 74 82 116 119 171
153 3 96 101 115
154 6 53 57 106 113 121 168
155 6 11 22 27 28 89 103
156 6 55 82 102 117 120 150
157 3 15 138 172
158 5 36 47 79 98 104
159 5 41 107 136 142 147
160 5 14 108 110 132 168
161 4 39 108 132 134
162 2 11 63
163 5 15 43 47 48 98
164 3 130 134 135
165 5 4 29 30 103 149
166 5 19 102 114 129 145
167 7 17 59 61 77 85 118 123
168 5 57 106 108 154 160
169 7 5 20 23 24 38 69 92
170 4 15 48 131 146
171 4 76 83 119 152
172 9 15 46 106 109 131 138 142 147 157
